0.
-.148459383723684e-1
-.296632130376166e-1
-.444233741403539e-1
-.590983961479765e-1
-.736608816517717e-1
-.880842553878078e-1
-.102342945626707
-.116412550410660
-.130269986502283
-.143893619338309
-.157263372735924
-.170360817564689
-.183169239056950
-.195673682870208
-.207860980423493
-.219719754396217
-.231240405594338
-.242415082649807
-.253237636222503
-.263703559518793
-.273809917029488
-.283555263425642
-.292939554538555
-.301964052296414
-.310631225400771
-.318944647408571
-.326908893746386
-.334529439029556
-.341812555896037
-.348765216398380
-.355394996832054
-.361709986718158
-.367718702506601
-.373430006424328
-.378853030763944
-.383997107792005
-.388871705353940
-.393486368164007
-.397850664693553
-.401974139508516
-.405866270856769
-.409536433266538
-.412993864887669
-.416247639286911
-.419306641395402
-.422179547300239
-.424874807571259
-.427400633818025
-.429764988179647
-.431975575460658
-.434039837638976
-.435964950486505
-.437757822058493
-.439425092824044
-.440973137226719
-.442408066480705
-.443735732424260
-.444961732267981
-.446091414090553
-.447129882949162
-.448082007485322
-.448952426919723
-.449745558341585
-.450465604209038
-.451116559987248
-.451702221860247
-.452226194460988
-.452691898571794
-.453102578754360
-.453461310874719
-.453771009494198
-.454034435102405
-.454254201172726
-.454432781024757
-.454572514481574
-.454675614312765
-.454744172456822
-.454780166018800
-.454785463041118
-.454761828047119
-.454710927358435
-.454634334188443
-.454533533515140
-.454409926737604
-.454264836120910
-.454099509034944
-.453915121992978
-.453712784496223
-.453493542690807
-.453258382843811
-.453008234645071
-.452743974341517
-.452466427710797
-.452176372880881
-.451874543002284
-.451561628779385
-.451238280867238
-.450905112140058
-.450562699837449
-.450211587594211
-.449852287359406
-.449485281210146
-.449111023065377
-.448729940304720
-.448342435297241
-.447948886844801
-.447549651544458
-.447145065074190
-.446735443405999
-.446321083950297
-.445902266635273
-.445479254924767
-.445052296778002
-.444621625554380
-.444187460866345
-.443750009383222
-.443309465588728
-.442866012494773
-.442419822313982
-.441971057093273
-.441519869310688
-.441066402437558
-.440610791467973
-.440153163417422
-.439693637792356
-.439232327032360
-.438769336926473
-.438304767005174
-.437838710909423
-.437371256738075
-.436902487374935
-.436432480796612
-.435961310362308
-.435489045086573
-.435015749896031
-.434541485870995
-.434066310472867
-.433590277758151
-.433113438579845
-.432635840776973
-.432157529352938
-.431678546643346
-.431198932473939
-.430718724309192
-.430237957392143
-.429756664875955
-.429274877947713
-.428792625944896
-.428309936464964
-.427826835468469
-.427343347376061
-.426859495159755
-.426375300428805
-.425890783510483
-.425405963526088
-.424920858462443
-.424435485239169
-.423949859771969
-.423463997032161
-.422977911102689
-.422491615230813
-.422005121877679
-.421518442764946
-.421031588918654
-.420544570710490
-.420057397896611
-.419570079654158
-.419082624615612
-.418595040901110
-.418107336148845
-.417619517543660
-.417131591843956
-.416643565406990
-.416155444212684
-.415667233886016
-.415178939718084
-.414690566685922
-.414202119471137
-.413713602477442
-.413225019847152
-.412736375476696
-.412247673031209
-.411758915958265
-.411270107500784
-.410781250709185
-.410292348452806
-.409803403430660
-.409314418181535
-.408825395093514
-.408336336412915
-.407847244252706
-.407358120600425
-.406868967325619
-.406379786186854
-.405890578838299
-.405401346835925
-.404912091643331
-.404422814637235
-.403933517112621
-.403444200287599
-.402954865307965
-.402465513251495
-.401976145131981
-.401486761903032
-.400997364461645
-.400507953651565
-.400018530266449
-.399529095052837
-.399039648712949
-.398550191907318
-.398060725257263
-.397571249347217
-.397081764726919
-.396592271913471
-.396102771393276
-.395613263623862
-.395123749035593
-.394634228033286
-.394144700997724
-.393655168287084
-.393165630238281
-.392676087168227
-.392186539375018
-.391696987139057
-.391207430724097
-.390717870378235
-.390228306334837
-.389738738813417
-.389249168020455
-.388759594150174
-.388270017385267
-.387780437897580
-.387290855848758
-.386801271390848
-.386311684666871
-.385822095811359
-.385332504950855
-.384842912204390
-.384353317683930
-.383863721494791
-.383374123736039
-.382884524500858
-.382394923876899
-.381905321946611
-.381415718787548
-.380926114472659
-.380436509070562
-.379946902645801
-.379457295259091
-.378967686967540
-.378478077824865
-.377988467881596
-.377498857185262
-.377009245780571
-.376519633709576
-.376030021011834
-.375540407724554
-.375050793882734
-.374561179519296
-.374071564665209
-.373581949349599
-.373092333599867
-.372602717441786
-.372113100899598
-.371623483996107
-.371133866752762
-.370644249189739
-.370154631326018
-.369665013179450
-.369175394766826
-.368685776103942
-.368196157205656
-.367706538085941
-.367216918757945
-.366727299234032
-.366237679525834
-.365748059644291
-.365258439599693
-.364768819401722
-.364279199059482
-.363789578581539
-.363299957975948
-.362810337250289
-.362320716411688
-.361831095466852
-.361341474422087
-.360851853283325
-.360362232056148
-.359872610745803
-.359382989357229
-.358893367895070
-.358403746363694
-.357914124767210
-.357424503109485
-.356934881394153
-.356445259624634
-.355955637804147
-.355466015935715
-.354976394022186
-.354486772066237
-.353997150070387
-.353507528037004
-.353017905968316
-.352528283866420
-.352038661733287
-.351549039570771
-.351059417380617
-.350569795164466
-.350080172923860
-.349590550660253
-.349100928375008
-.348611306069412
-.348121683744672
-.347632061401924
-.347142439042238
-.346652816666620
-.346163194276014
-.345673571871312
-.345183949453349
-.344694327022913
-.344204704580745
-.343715082127541
-.343225459663956
-.342735837190607
-.342246214708073
-.341756592216899
-.341266969717599
-.340777347210655
-.340287724696520
-.339798102175622
-.339308479648362
-.338818857115118
-.338329234576244
-.337839612032076
-.337349989482928
-.336860366929095
-.336370744370855
-.335881121808470
-.335391499242186
-.334901876672234
-.334412254098833
-.333922631522187
-.333433008942489
-.332943386359919
-.332453763774649
-.331964141186838
-.331474518596638
-.330984896004191
-.330495273409629
-.330005650813078
-.329516028214657
-.329026405614477
-.328536783012641
-.328047160409248
-.327557537804391
-.327067915198156
-.326578292590626
-.326088669981877
-.325599047371981
-.325109424761007
-.324619802149019
-.324130179536077
-.323640556922237
-.323150934307553
-.322661311692075
-.322171689075849
-.321682066458922
-.321192443841333
-.320702821223123
-.320213198604328
-.319723575984983
-.319233953365121
-.318744330744771
-.318254708123965
-.317765085502727
-.317275462881085
-.316785840259061
-.316296217636680
-.315806595013961
-.315316972390925
-.314827349767590
-.314337727143976
-.313848104520097
-.313358481895970
-.312868859271610
-.312379236647030
-.311889614022243
-.311399991397262
-.310910368772099
-.310420746146763
-.309931123521266
-.309441500895616
-.308951878269824
-.308462255643896
-.307972633017843
-.307483010391670
-.306993387765385
-.306503765138994
-.306014142512505
-.305524519885922
-.305034897259252
-.304545274632499
-.304055652005669
-.303566029378765
-.303076406751793
-.302586784124757
-.302097161497659
-.301607538870505
-.301117916243297
-.300628293616038
-.300138670988731
-.299649048361380
-.299159425733987
-.298669803106554
-.298180180479084
-.297690557851579
-.297200935224042
-.296711312596473
-.296221689968875
-.295732067341249
-.295242444713598
-.294752822085922
-.294263199458224
-.293773576830504
-.293283954202764
-.292794331575005
-.292304708947228
-.291815086319435
-.291325463691625
-.290835841063801
-.290346218435963
-.289856595808111
-.289366973180248
-.288877350552372
-.288387727924486
-.287898105296589
-.287408482668683
-.286918860040767
-.286429237412843
-.285939614784911
-.285449992156971
-.284960369529025
-.284470746901071
-.283981124273111
-.283491501645145
-.283001879017174
-.282512256389197
-.282022633761216
-.281533011133230
-.281043388505239
-.280553765877244
-.280064143249246
-.279574520621244
-.279084897993238
-.278595275365229
-.278105652737217
-.277616030109203
-.277126407481185
-.276636784853165
-.276147162225143
-.275657539597119
-.275167916969092
-.274678294341064
-.274188671713033
-.273699049085001
-.273209426456967
-.272719803828932
-.272230181200895
-.271740558572857
-.271250935944817
-.270761313316777
-.270271690688735
-.269782068060692
-.269292445432648
-.268802822804603
-.268313200176558
-.267823577548511
-.267333954920464
-.266844332292416
-.266354709664367
-.265865087036317
-.265375464408267
-.264885841780217
-.264396219152166
-.263906596524114
-.263416973896062
-.262927351268009
-.262437728639956
-.261948106011903
-.261458483383849
-.260968860755795
-.260479238127740
-.259989615499685
-.259499992871630
-.259010370243575
-.258520747615519
-.258031124987463
-.257541502359407
-.257051879731351
-.256562257103294
-.256072634475237
-.255583011847180
-.255093389219123
-.254603766591066
-.254114143963008
-.253624521334951
-.253134898706893
-.252645276078835
-.252155653450777
-.251666030822719
-.251176408194661
-.250686785566603
-.250197162938545
-.249707540310486
-.249217917682428
-.248728295054369
-.248238672426310
-.247749049798252
-.247259427170193
-.246769804542134
-.246280181914075
-.245790559286016
-.245300936657957
-.244811314029898
-.244321691401839
-.243832068773780
-.243342446145720
-.242852823517661
-.242363200889602
-.241873578261543
-.241383955633483
-.240894333005424
-.240404710377365
-.239915087749305
-.239425465121246
-.238935842493186
-.238446219865127
-.237956597237067
-.237466974609008
-.236977351980948
-.236487729352889
-.235998106724829
-.235508484096769
-.235018861468710
-.234529238840650
-.234039616212591
-.233549993584531
-.233060370956471
-.232570748328412
-.232081125700352
-.231591503072292
-.231101880444233
-.230612257816173
-.230122635188113
-.229633012560054
-.229143389931994
-.228653767303934
-.228164144675874
-.227674522047815
-.227184899419755
-.226695276791695
-.226205654163635
-.225716031535576
-.225226408907516
-.224736786279456
-.224247163651396
-.223757541023337
-.223267918395277
-.222778295767217
-.222288673139157
-.221799050511098
-.221309427883038
-.220819805254978
-.220330182626918
-.219840559998858
-.219350937370799
-.218861314742739
-.218371692114679
-.217882069486619
-.217392446858559
-.216902824230500
-.216413201602440
-.215923578974380
-.215433956346320
-.214944333718260
-.214454711090201
-.213965088462141
-.213475465834081
-.212985843206021
-.212496220577961
-.212006597949902
-.211516975321842
-.211027352693782
-.210537730065722
-.210048107437662
-.209558484809603
-.209068862181543
-.208579239553483
-.208089616925423
-.207599994297363
-.207110371669304
-.206620749041244
-.206131126413184
-.205641503785124
-.205151881157064
-.204662258529004
-.204172635900945
-.203683013272885
-.203193390644825
-.202703768016765
-.202214145388705
-.201724522760646
-.201234900132586
-.200745277504526
-.200255654876466
-.199766032248406
-.199276409620346
-.198786786992287
-.198297164364227
-.197807541736167
-.197317919108107
-.196828296480047
-.196338673851988
-.195849051223928
-.195359428595868
-.194869805967808
-.194380183339748
-.193890560711688
-.193400938083629
-.192911315455569
-.192421692827509
-.191932070199449
-.191442447571389
-.190952824943330
-.190463202315270
-.189973579687210
-.189483957059150
-.188994334431090
-.188504711803030
-.188015089174971
-.187525466546911
-.187035843918851
-.186546221290791
-.186056598662731
-.185566976034672
-.185077353406612
-.184587730778552
-.184098108150492
-.183608485522432
-.183118862894372
-.182629240266313
-.182139617638253
-.181649995010193
-.181160372382133
-.180670749754073
-.180181127126014
-.179691504497954
-.179201881869894
-.178712259241834
-.178222636613774
-.177733013985714
-.177243391357655
-.176753768729595
-.176264146101535
-.175774523473475
-.175284900845415
-.174795278217356
-.174305655589296
-.173816032961236
-.173326410333176
-.172836787705116
-.172347165077056
-.171857542448997
-.171367919820937
-.170878297192877
-.170388674564817
-.169899051936757
-.169409429308698
-.168919806680638
-.168430184052578
-.167940561424518
-.167450938796458
-.166961316168398
-.166471693540339
-.165982070912279
-.165492448284219
-.165002825656159
-.164513203028099
-.164023580400040
-.163533957771980
-.163044335143920
-.162554712515860
-.162065089887800
-.161575467259740
-.161085844631681
-.160596222003621
-.160106599375561
-.159616976747501
-.159127354119441
-.158637731491381
-.158148108863322
-.157658486235262
-.157168863607202
-.156679240979142
-.156189618351082
-.155699995723023
-.155210373094963
-.154720750466903
-.154231127838843
-.153741505210783
-.153251882582723
-.152762259954664
-.152272637326604
-.151783014698544
-.151293392070484
-.150803769442424
-.150314146814365
-.149824524186305
-.149334901558245
-.148845278930185
-.148355656302125
-.147866033674065
-.147376411046006
-.146886788417946
-.146397165789886
-.145907543161826
-.145417920533766
-.144928297905707
-.144438675277647
-.143949052649587
-.143459430021527
-.142969807393467
-.142480184765407
-.141990562137348
-.141500939509288
-.141011316881228
-.140521694253168
-.140032071625108
-.139542448997049
-.139052826368989
-.138563203740929
-.138073581112869
-.137583958484809
-.137094335856749
-.136604713228690
-.136115090600630
-.135625467972570
-.135135845344510
-.134646222716450
-.134156600088391
-.133666977460331
-.133177354832271
-.132687732204211
-.132198109576151
-.131708486948091
-.131218864320032
-.130729241691972
-.130239619063912
-.129749996435852
-.129260373807792
-.128770751179733
-.128281128551673
-.127791505923613
-.127301883295553
-.126812260667493
-.126322638039433
-.125833015411374
-.125343392783314
-.124853770155254
-.124364147527194
-.123874524899134
-.123384902271074
-.122895279643015
-.122405657014955
-.121916034386895
-.121426411758835
-.120936789130775
-.120447166502716
-.119957543874656
-.119467921246596
-.118978298618536
-.118488675990476
-.117999053362416
-.117509430734357
-.117019808106297
-.116530185478237
-.116040562850177
-.115550940222117
-.115061317594058
-.114571694965998
-.114082072337938
-.113592449709878
-.113102827081818
-.112613204453758
-.112123581825699
-.111633959197639
-.111144336569579
-.110654713941519
-.110165091313459
-.109675468685400
-.109185846057340
-.108696223429280
-.108206600801220
-.107716978173160
-.107227355545100
-.106737732917041
-.106248110288981
-.105758487660921
-.105268865032861
-.104779242404801
-.104289619776742
-.103799997148682
-.103310374520622
-.102820751892562
-.102331129264502
-.101841506636442
-.101351884008383
-.100862261380323
-.100372638752263
-.998830161242032e-1
-.993933934961433e-1
-.989037708680835e-1
-.984141482400237e-1
-.979245256119639e-1
-.974349029839041e-1
-.969452803558442e-1
-.964556577277844e-1
-.959660350997246e-1
-.954764124716648e-1
-.949867898436050e-1
-.944971672155451e-1
-.940075445874853e-1
-.935179219594255e-1
-.930282993313657e-1
-.925386767033059e-1
-.920490540752460e-1
-.915594314471862e-1
-.910698088191264e-1
-.905801861910666e-1
-.900905635630068e-1
-.896009409349470e-1
-.891113183068871e-1
-.886216956788273e-1
-.881320730507675e-1
-.876424504227077e-1
-.871528277946479e-1
-.866632051665880e-1
-.861735825385282e-1
-.856839599104684e-1
-.851943372824086e-1
-.847047146543488e-1
-.842150920262889e-1
-.837254693982291e-1
-.832358467701693e-1
-.827462241421095e-1
-.822566015140497e-1
-.817669788859898e-1
-.812773562579300e-1
-.807877336298702e-1
-.802981110018104e-1
-.798084883737506e-1
-.793188657456907e-1
-.788292431176309e-1
-.783396204895711e-1
-.778499978615113e-1
-.773603752334515e-1
-.768707526053916e-1
-.763811299773318e-1
-.758915073492720e-1
-.754018847212122e-1
-.749122620931524e-1
-.744226394650926e-1
-.739330168370327e-1
-.734433942089729e-1
-.729537715809131e-1
-.724641489528533e-1
-.719745263247935e-1
-.714849036967336e-1
-.709952810686738e-1
-.705056584406140e-1
-.700160358125542e-1
-.695264131844944e-1
-.690367905564345e-1
-.685471679283747e-1
-.680575453003149e-1
-.675679226722551e-1
-.670783000441953e-1
-.665886774161354e-1
-.660990547880756e-1
-.656094321600158e-1
-.651198095319560e-1
-.646301869038962e-1
-.641405642758363e-1
-.636509416477765e-1
-.631613190197167e-1
-.626716963916569e-1
-.621820737635971e-1
-.616924511355372e-1
-.612028285074774e-1
-.607132058794176e-1
-.602235832513578e-1
-.597339606232980e-1
-.592443379952381e-1
-.587547153671783e-1
-.582650927391185e-1
-.577754701110587e-1
-.572858474829989e-1
-.567962248549391e-1
-.563066022268792e-1
-.558169795988194e-1
-.553273569707596e-1
-.548377343426998e-1
-.543481117146400e-1
-.538584890865801e-1
-.533688664585203e-1
-.528792438304605e-1
-.523896212024007e-1
-.518999985743409e-1
-.514103759462810e-1
-.509207533182212e-1
-.504311306901614e-1
-.499415080621016e-1
-.494518854340418e-1
-.489622628059819e-1
-.484726401779221e-1
-.479830175498623e-1
-.474933949218025e-1
-.470037722937427e-1
-.465141496656828e-1
-.460245270376230e-1
-.455349044095632e-1
-.450452817815034e-1
-.445556591534436e-1
-.440660365253837e-1
-.435764138973239e-1
-.430867912692641e-1
-.425971686412043e-1
-.421075460131445e-1
-.416179233850847e-1
-.411283007570248e-1
-.406386781289650e-1
-.401490555009052e-1
-.396594328728454e-1
-.391698102447856e-1
-.386801876167257e-1
-.381905649886659e-1
-.377009423606061e-1
-.372113197325463e-1
-.367216971044865e-1
-.362320744764266e-1
-.357424518483668e-1
-.352528292203070e-1
-.347632065922472e-1
-.342735839641874e-1
-.337839613361275e-1
-.332943387080677e-1
-.328047160800079e-1
-.323150934519481e-1
-.318254708238883e-1
-.313358481958284e-1
-.308462255677686e-1
-.303566029397088e-1
-.298669803116490e-1
-.293773576835892e-1
-.288877350555293e-1
-.283981124274695e-1
-.279084897994097e-1
-.274188671713499e-1
-.269292445432901e-1
-.264396219152302e-1
-.259499992871704e-1
-.254603766591106e-1
-.249707540310508e-1
-.244811314029910e-1
-.239915087749312e-1
-.235018861468713e-1
-.230122635188115e-1
-.225226408907517e-1
-.220330182626919e-1
-.215433956346321e-1
-.210537730065722e-1
-.205641503785124e-1
-.200745277504526e-1
-.195849051223928e-1
-.190952824943330e-1
-.186056598662731e-1
-.181160372382133e-1
-.176264146101535e-1
-.171367919820937e-1
-.166471693540339e-1
-.161575467259740e-1
-.156679240979142e-1
-.151783014698544e-1
-.146886788417946e-1
-.141990562137348e-1
-.137094335856749e-1
-.132198109576151e-1
-.127301883295553e-1
-.122405657014955e-1
-.117509430734357e-1
-.112613204453758e-1
-.107716978173160e-1
-.102820751892562e-1
-.979245256119639e-2
-.930282993313657e-2
-.881320730507675e-2
-.832358467701693e-2
-.783396204895711e-2
-.734433942089729e-2
-.685471679283747e-2
-.636509416477765e-2
-.587547153671783e-2
-.538584890865801e-2
-.489622628059819e-2
-.440660365253837e-2
-.391698102447856e-2
-.342735839641874e-2
-.293773576835892e-2
-.244811314029910e-2
-.195849051223928e-2
-.146886788417946e-2
-.979245256119639e-3
-.489622628059819e-3
.736606678797131e-25
.489622628059819e-3
.979245256119639e-3
.146886788417946e-2
.195849051223928e-2
.244811314029910e-2
.293773576835892e-2
.342735839641874e-2
.391698102447856e-2
.440660365253837e-2
.489622628059819e-2
.538584890865801e-2
.587547153671783e-2
.636509416477765e-2
.685471679283747e-2
.734433942089729e-2
.783396204895711e-2
.832358467701693e-2
.881320730507675e-2
.930282993313657e-2
.979245256119639e-2
.102820751892562e-1
.107716978173160e-1
.112613204453758e-1
.117509430734357e-1
.122405657014955e-1
.127301883295553e-1
.132198109576151e-1
.137094335856749e-1
.141990562137348e-1
.146886788417946e-1
.151783014698544e-1
.156679240979142e-1
.161575467259740e-1
.166471693540339e-1
.171367919820937e-1
.176264146101535e-1
.181160372382133e-1
.186056598662731e-1
.190952824943330e-1
.195849051223928e-1
.200745277504526e-1
.205641503785124e-1
.210537730065722e-1
.215433956346321e-1
.220330182626919e-1
.225226408907517e-1
.230122635188115e-1
.235018861468713e-1
.239915087749312e-1
.244811314029910e-1
.249707540310508e-1
.254603766591106e-1
.259499992871704e-1
.264396219152302e-1
.269292445432901e-1
.274188671713499e-1
.279084897994097e-1
.283981124274695e-1
.288877350555293e-1
.293773576835892e-1
.298669803116490e-1
.303566029397088e-1
.308462255677686e-1
.313358481958284e-1
.318254708238883e-1
.323150934519481e-1
.328047160800079e-1
.332943387080677e-1
.337839613361275e-1
.342735839641874e-1
.347632065922472e-1
.352528292203070e-1
.357424518483668e-1
.362320744764266e-1
.367216971044865e-1
.372113197325463e-1
.377009423606061e-1
.381905649886659e-1
.386801876167257e-1
.391698102447856e-1
.396594328728454e-1
.401490555009052e-1
.406386781289650e-1
.411283007570248e-1
.416179233850847e-1
.421075460131445e-1
.425971686412043e-1
.430867912692641e-1
.435764138973239e-1
.440660365253837e-1
.445556591534436e-1
.450452817815034e-1
.455349044095632e-1
.460245270376230e-1
.465141496656828e-1
.470037722937427e-1
.474933949218025e-1
.479830175498623e-1
.484726401779221e-1
.489622628059819e-1
.494518854340418e-1
.499415080621016e-1
.504311306901614e-1
.509207533182212e-1
.514103759462810e-1
.518999985743409e-1
.523896212024007e-1
.528792438304605e-1
.533688664585203e-1
.538584890865801e-1
.543481117146400e-1
.548377343426998e-1
.553273569707596e-1
.558169795988194e-1
.563066022268792e-1
.567962248549391e-1
.572858474829989e-1
.577754701110587e-1
.582650927391185e-1
.587547153671783e-1
.592443379952381e-1
.597339606232980e-1
.602235832513578e-1
.607132058794176e-1
.612028285074774e-1
.616924511355372e-1
.621820737635971e-1
.626716963916569e-1
.631613190197167e-1
.636509416477765e-1
.641405642758363e-1
.646301869038962e-1
.651198095319560e-1
.656094321600158e-1
.660990547880756e-1
.665886774161354e-1
.670783000441953e-1
.675679226722551e-1
.680575453003149e-1
.685471679283747e-1
.690367905564345e-1
.695264131844944e-1
.700160358125542e-1
.705056584406140e-1
.709952810686738e-1
.714849036967336e-1
.719745263247935e-1
.724641489528533e-1
.729537715809131e-1
.734433942089729e-1
.739330168370327e-1
.744226394650926e-1
.749122620931524e-1
.754018847212122e-1
.758915073492720e-1
.763811299773318e-1
.768707526053916e-1
.773603752334515e-1
.778499978615113e-1
.783396204895711e-1
.788292431176309e-1
.793188657456907e-1
.798084883737506e-1
.802981110018104e-1
.807877336298702e-1
.812773562579300e-1
.817669788859898e-1
.822566015140497e-1
.827462241421095e-1
.832358467701693e-1
.837254693982291e-1
.842150920262889e-1
.847047146543488e-1
.851943372824086e-1
.856839599104684e-1
.861735825385282e-1
.866632051665880e-1
.871528277946479e-1
.876424504227077e-1
.881320730507675e-1
.886216956788273e-1
.891113183068871e-1
.896009409349470e-1
.900905635630068e-1
.905801861910666e-1
.910698088191264e-1
.915594314471862e-1
.920490540752460e-1
.925386767033059e-1
.930282993313657e-1
.935179219594255e-1
.940075445874853e-1
.944971672155451e-1
.949867898436050e-1
.954764124716648e-1
.959660350997246e-1
.964556577277844e-1
.969452803558442e-1
.974349029839041e-1
.979245256119639e-1
.984141482400237e-1
.989037708680835e-1
.993933934961433e-1
.998830161242032e-1
.100372638752263
.100862261380323
.101351884008383
.101841506636442
.102331129264502
.102820751892562
.103310374520622
.103799997148682
.104289619776742
.104779242404801
.105268865032861
.105758487660921
.106248110288981
.106737732917041
.107227355545100
.107716978173160
.108206600801220
.108696223429280
.109185846057340
.109675468685400
.110165091313459
.110654713941519
.111144336569579
.111633959197639
.112123581825699
.112613204453758
.113102827081818
.113592449709878
.114082072337938
.114571694965998
.115061317594058
.115550940222117
.116040562850177
.116530185478237
.117019808106297
.117509430734357
.117999053362416
.118488675990476
.118978298618536
.119467921246596
.119957543874656
.120447166502716
.120936789130775
.121426411758835
.121916034386895
.122405657014955
.122895279643015
.123384902271074
.123874524899134
.124364147527194
.124853770155254
.125343392783314
.125833015411374
.126322638039433
.126812260667493
.127301883295553
.127791505923613
.128281128551673
.128770751179733
.129260373807792
.129749996435852
.130239619063912
.130729241691972
.131218864320032
.131708486948091
.132198109576151
.132687732204211
.133177354832271
.133666977460331
.134156600088391
.134646222716450
.135135845344510
.135625467972570
.136115090600630
.136604713228690
.137094335856749
.137583958484809
.138073581112869
.138563203740929
.139052826368989
.139542448997049
.140032071625108
.140521694253168
.141011316881228
.141500939509288
.141990562137348
.142480184765407
.142969807393467
.143459430021527
.143949052649587
.144438675277647
.144928297905707
.145417920533766
.145907543161826
.146397165789886
.146886788417946
.147376411046006
.147866033674065
.148355656302125
.148845278930185
.149334901558245
.149824524186305
.150314146814365
.150803769442424
.151293392070484
.151783014698544
.152272637326604
.152762259954664
.153251882582723
.153741505210783
.154231127838843
.154720750466903
.155210373094963
.155699995723023
.156189618351082
.156679240979142
.157168863607202
.157658486235262
.158148108863322
.158637731491381
.159127354119441
.159616976747501
.160106599375561
.160596222003621
.161085844631681
.161575467259740
.162065089887800
.162554712515860
.163044335143920
.163533957771980
.164023580400040
.164513203028099
.165002825656159
.165492448284219
.165982070912279
.166471693540339
.166961316168398
.167450938796458
.167940561424518
.168430184052578
.168919806680638
.169409429308698
.169899051936757
.170388674564817
.170878297192877
.171367919820937
.171857542448997
.172347165077056
.172836787705116
.173326410333176
.173816032961236
.174305655589296
.174795278217356
.175284900845415
.175774523473475
.176264146101535
.176753768729595
.177243391357655
.177733013985714
.178222636613774
.178712259241834
.179201881869894
.179691504497954
.180181127126014
.180670749754073
.181160372382133
.181649995010193
.182139617638253
.182629240266313
.183118862894372
.183608485522432
.184098108150492
.184587730778552
.185077353406612
.185566976034672
.186056598662731
.186546221290791
.187035843918851
.187525466546911
.188015089174971
.188504711803030
.188994334431090
.189483957059150
.189973579687210
.190463202315270
.190952824943330
.191442447571389
.191932070199449
.192421692827509
.192911315455569
.193400938083629
.193890560711688
.194380183339748
.194869805967808
.195359428595868
.195849051223928
.196338673851988
.196828296480047
.197317919108107
.197807541736167
.198297164364227
.198786786992287
.199276409620346
.199766032248406
.200255654876466
.200745277504526
.201234900132586
.201724522760646
.202214145388705
.202703768016765
.203193390644825
.203683013272885
.204172635900945
.204662258529004
.205151881157064
.205641503785124
.206131126413184
.206620749041244
.207110371669304
.207599994297363
.208089616925423
.208579239553483
.209068862181543
.209558484809603
.210048107437662
.210537730065722
.211027352693782
.211516975321842
.212006597949902
.212496220577961
.212985843206021
.213475465834081
.213965088462141
.214454711090201
.214944333718260
.215433956346320
.215923578974380
.216413201602440
.216902824230500
.217392446858559
.217882069486619
.218371692114679
.218861314742739
.219350937370799
.219840559998858
.220330182626918
.220819805254978
.221309427883038
.221799050511098
.222288673139157
.222778295767217
.223267918395277
.223757541023337
.224247163651396
.224736786279456
.225226408907516
.225716031535576
.226205654163635
.226695276791695
.227184899419755
.227674522047815
.228164144675874
.228653767303934
.229143389931994
.229633012560054
.230122635188113
.230612257816173
.231101880444233
.231591503072292
.232081125700352
.232570748328412
.233060370956471
.233549993584531
.234039616212591
.234529238840650
.235018861468710
.235508484096769
.235998106724829
.236487729352889
.236977351980948
.237466974609008
.237956597237067
.238446219865127
.238935842493186
.239425465121246
.239915087749305
.240404710377365
.240894333005424
.241383955633483
.241873578261543
.242363200889602
.242852823517661
.243342446145720
.243832068773780
.244321691401839
.244811314029898
.245300936657957
.245790559286016
.246280181914075
.246769804542134
.247259427170193
.247749049798252
.248238672426310
.248728295054369
.249217917682428
.249707540310486
.250197162938545
.250686785566603
.251176408194661
.251666030822719
.252155653450777
.252645276078835
.253134898706893
.253624521334951
.254114143963008
.254603766591066
.255093389219123
.255583011847180
.256072634475237
.256562257103294
.257051879731351
.257541502359407
.258031124987463
.258520747615519
.259010370243575
.259499992871630
.259989615499685
.260479238127740
.260968860755795
.261458483383849
.261948106011903
.262437728639956
.262927351268009
.263416973896062
.263906596524114
.264396219152166
.264885841780217
.265375464408267
.265865087036317
.266354709664367
.266844332292416
.267333954920464
.267823577548511
.268313200176558
.268802822804603
.269292445432648
.269782068060692
.270271690688735
.270761313316777
.271250935944817
.271740558572857
.272230181200895
.272719803828932
.273209426456967
.273699049085001
.274188671713033
.274678294341064
.275167916969092
.275657539597119
.276147162225143
.276636784853165
.277126407481185
.277616030109203
.278105652737217
.278595275365229
.279084897993238
.279574520621244
.280064143249246
.280553765877244
.281043388505239
.281533011133230
.282022633761216
.282512256389197
.283001879017174
.283491501645145
.283981124273111
.284470746901071
.284960369529025
.285449992156971
.285939614784911
.286429237412843
.286918860040767
.287408482668683
.287898105296589
.288387727924486
.288877350552372
.289366973180248
.289856595808111
.290346218435963
.290835841063801
.291325463691625
.291815086319435
.292304708947228
.292794331575005
.293283954202764
.293773576830504
.294263199458224
.294752822085922
.295242444713598
.295732067341249
.296221689968875
.296711312596473
.297200935224042
.297690557851579
.298180180479084
.298669803106554
.299159425733987
.299649048361380
.300138670988731
.300628293616038
.301117916243297
.301607538870505
.302097161497659
.302586784124757
.303076406751793
.303566029378765
.304055652005669
.304545274632499
.305034897259252
.305524519885922
.306014142512505
.306503765138994
.306993387765385
.307483010391670
.307972633017843
.308462255643896
.308951878269824
.309441500895616
.309931123521266
.310420746146763
.310910368772099
.311399991397262
.311889614022243
.312379236647030
.312868859271610
.313358481895970
.313848104520097
.314337727143976
.314827349767590
.315316972390925
.315806595013961
.316296217636680
.316785840259061
.317275462881085
.317765085502727
.318254708123965
.318744330744771
.319233953365121
.319723575984983
.320213198604328
.320702821223123
.321192443841333
.321682066458922
.322171689075849
.322661311692075
.323150934307553
.323640556922237
.324130179536077
.324619802149019
.325109424761007
.325599047371981
.326088669981877
.326578292590626
.327067915198156
.327557537804391
.328047160409248
.328536783012641
.329026405614477
.329516028214657
.330005650813078
.330495273409629
.330984896004191
.331474518596638
.331964141186838
.332453763774649
.332943386359919
.333433008942489
.333922631522187
.334412254098833
.334901876672234
.335391499242186
.335881121808470
.336370744370855
.336860366929095
.337349989482928
.337839612032076
.338329234576244
.338818857115118
.339308479648362
.339798102175622
.340287724696520
.340777347210655
.341266969717599
.341756592216899
.342246214708073
.342735837190607
.343225459663956
.343715082127541
.344204704580745
.344694327022913
.345183949453349
.345673571871312
.346163194276014
.346652816666620
.347142439042238
.347632061401924
.348121683744672
.348611306069412
.349100928375008
.349590550660253
.350080172923860
.350569795164466
.351059417380617
.351549039570771
.352038661733287
.352528283866420
.353017905968316
.353507528037004
.353997150070387
.354486772066237
.354976394022186
.355466015935715
.355955637804147
.356445259624634
.356934881394153
.357424503109485
.357914124767210
.358403746363694
.358893367895070
.359382989357229
.359872610745803
.360362232056148
.360851853283325
.361341474422087
.361831095466852
.362320716411688
.362810337250289
.363299957975948
.363789578581539
.364279199059482
.364768819401722
.365258439599693
.365748059644291
.366237679525834
.366727299234032
.367216918757945
.367706538085941
.368196157205656
.368685776103942
.369175394766826
.369665013179450
.370154631326018
.370644249189739
.371133866752762
.371623483996107
.372113100899598
.372602717441786
.373092333599867
.373581949349599
.374071564665209
.374561179519296
.375050793882734
.375540407724554
.376030021011834
.376519633709576
.377009245780571
.377498857185262
.377988467881596
.378478077824865
.378967686967540
.379457295259091
.379946902645801
.380436509070562
.380926114472659
.381415718787548
.381905321946611
.382394923876899
.382884524500858
.383374123736039
.383863721494791
.384353317683930
.384842912204390
.385332504950855
.385822095811359
.386311684666871
.386801271390848
.387290855848758
.387780437897580
.388270017385267
.388759594150174
.389249168020455
.389738738813417
.390228306334837
.390717870378235
.391207430724097
.391696987139057
.392186539375018
.392676087168227
.393165630238281
.393655168287084
.394144700997724
.394634228033286
.395123749035593
.395613263623862
.396102771393276
.396592271913471
.397081764726919
.397571249347217
.398060725257263
.398550191907318
.399039648712949
.399529095052837
.400018530266449
.400507953651565
.400997364461645
.401486761903032
.401976145131981
.402465513251495
.402954865307965
.403444200287599
.403933517112621
.404422814637235
.404912091643331
.405401346835925
.405890578838299
.406379786186854
.406868967325619
.407358120600425
.407847244252706
.408336336412915
.408825395093514
.409314418181535
.409803403430660
.410292348452806
.410781250709185
.411270107500784
.411758915958265
.412247673031209
.412736375476696
.413225019847152
.413713602477442
.414202119471137
.414690566685922
.415178939718084
.415667233886016
.416155444212684
.416643565406990
.417131591843956
.417619517543660
.418107336148845
.418595040901110
.419082624615612
.419570079654158
.420057397896611
.420544570710490
.421031588918654
.421518442764946
.422005121877679
.422491615230813
.422977911102689
.423463997032161
.423949859771969
.424435485239169
.424920858462443
.425405963526088
.425890783510483
.426375300428805
.426859495159755
.427343347376061
.427826835468469
.428309936464964
.428792625944896
.429274877947713
.429756664875955
.430237957392143
.430718724309192
.431198932473939
.431678546643346
.432157529352938
.432635840776973
.433113438579845
.433590277758151
.434066310472867
.434541485870995
.435015749896031
.435489045086573
.435961310362308
.436432480796612
.436902487374935
.437371256738075
.437838710909423
.438304767005174
.438769336926473
.439232327032360
.439693637792356
.440153163417422
.440610791467973
.441066402437558
.441519869310688
.441971057093273
.442419822313982
.442866012494773
.443309465588728
.443750009383222
.444187460866345
.444621625554380
.445052296778002
.445479254924767
.445902266635273
.446321083950297
.446735443405999
.447145065074190
.447549651544458
.447948886844801
.448342435297241
.448729940304720
.449111023065377
.449485281210146
.449852287359406
.450211587594211
.450562699837449
.450905112140058
.451238280867238
.451561628779385
.451874543002284
.452176372880881
.452466427710797
.452743974341517
.453008234645071
.453258382843811
.453493542690807
.453712784496223
.453915121992978
.454099509034944
.454264836120910
.454409926737604
.454533533515140
.454634334188443
.454710927358435
.454761828047119
.454785463041118
.454780166018800
.454744172456822
.454675614312765
.454572514481574
.454432781024757
.454254201172726
.454034435102405
.453771009494198
.453461310874719
.453102578754360
.452691898571794
.452226194460988
.451702221860247
.451116559987248
.450465604209038
.449745558341585
.448952426919723
.448082007485322
.447129882949162
.446091414090553
.444961732267981
.443735732424260
.442408066480705
.440973137226719
.439425092824044
.437757822058493
.435964950486505
.434039837638976
.431975575460658
.429764988179647
.427400633818025
.424874807571259
.422179547300239
.419306641395402
.416247639286911
.412993864887669
.409536433266538
.405866270856769
.401974139508516
.397850664693553
.393486368164007
.388871705353940
.383997107792005
.378853030763944
.373430006424328
.367718702506601
.361709986718158
.355394996832054
.348765216398380
.341812555896037
.334529439029556
.326908893746386
.318944647408571
.310631225400771
.301964052296414
.292939554538555
.283555263425642
.273809917029488
.263703559518793
.253237636222503
.242415082649807
.231240405594338
.219719754396217
.207860980423493
.195673682870208
.183169239056950
.170360817564689
.157263372735924
.143893619338309
.130269986502283
.116412550410660
.102342945626707
.880842553878078e-1
.736608816517717e-1
.590983961479765e-1
.444233741403539e-1
.296632130376166e-1
.148459383723684e-1
